[HEADER]
Instrument_Type=MULTISKAN EX    PRIMARY EIA V. 2.2          
Instrument_Serial_Number=SERIAL3550901084
COM_port=0
Date_Time_Started=29/08/2018 03:50:27p.m.
Date_Time_Ended=29/08/2018 03:50:44p.m.
Input_Filename=c:\AscSW26\lectsimp.see
Output_Filename=c:\AscSW26\response.txt

[RESULT_FORMAT]
Plate_Type=96
Number_of_Plate_Data=2
Number_Columns=12
Number_Rows=8
Column_Dimension=1
Row_Dimension=1

[DATA01]
ROW1=	0.078	0	1.337	9	0.296	17	0.068	26	0.128	34	0.097	44	0.001	53	0.002	56	0.002	66	0.002	75	0.004	83	0.004	91
ROW2=	0.072	0	1.305	9	0.263	17	0.057	26	0.116	34	0.092	44	0.001	53	0.001	56	0.001	66	0.002	75	0.002	83	0.002	91
ROW3=	0.426	0	0.064	9	0.263	17	1.344	26	0.076	34	0.094	44	0.001	53	0.001	56	0.001	66	0.002	75	0.002	83	0.002	91
ROW4=	0.389	0	0.064	9	0.278	17	1.361	26	0.08	34	0.094	44	0.001	53	0.001	56	0.001	66	0.001	75	0.002	83	0.001	91
ROW5=	0.324	0	0.065	9	0.08	17	0.063	26	0.106	34	0.389	44	0.001	53	0.001	56	0.001	66	0.001	75	0.002	83	0.002	91
ROW6=	0.363	0	0.076	9	0.084	17	0.071	26	0.12	34	0.409	44	0.001	53	0.001	56	0.001	66	0.001	75	0.001	83	0.001	91
ROW7=	0.077	0	0.075	9	0.087	17	0.867	26	0.535	34	0.841	44	0.001	53	0.001	56	0.001	66	0.001	75	0.001	83	0.001	91
ROW8=	0.084	0	0.09	9	0.093	17	0.927	26	0.559	34	0.856	44	0.001	53	0.001	56	0.001	66	0.001	75	0.001	83	0.001	91
[DATA02]
ROW1=	0.047	887	0.038	895	0.035	905	0.037	912	0.037	922	0.042	930	0.003	939	0.004	942	0.001	953	0.003	961	0.003	970	0.002	978
ROW2=	0.059	887	0.035	895	0.034	905	0.035	912	0.039	922	0.051	930	0	939	0.001	942	0.002	953	0.001	961	0.001	970	0.001	978
ROW3=	0.039	887	0.039	895	0.036	905	0.037	912	0.039	922	0.046	930	0.001	939	0.001	942	0.001	953	0.001	961	0.001	970	0.001	978
ROW4=	0.056	887	0.039	895	0.041	905	0.043	912	0.044	922	0.048	930	0.002	939	0	942	0.001	953	0.002	961	0.002	970	0.001	978
ROW5=	0.058	887	0.045	895	0.047	905	0.046	912	0.04	922	0.061	930	0.001	939	0.001	942	0.001	953	0.002	961	0.001	970	0.001	978
ROW6=	0.052	887	0.042	895	0.044	905	0.042	912	0.046	922	0.054	930	0.001	939	0.001	942	0	953	0.001	961	0.002	970	0.001	978
ROW7=	0.036	887	0.034	895	0.039	905	0.037	912	0.04	922	0.052	930	0.001	939	0.001	942	0.001	953	0.001	961	0.002	970	0.001	978
ROW8=	0.039	887	0.039	895	0.042	905	0.041	912	0.04	922	0.056	930	0.001	939	0.001	942	0.001	953	0.001	961	0.002	970	0.001	978

