[HEADER]
Instrument_Type=MULTISKAN EX    PRIMARY EIA V. 2.2          
Instrument_Serial_Number=SERIAL3550901084
COM_port=0
Date_Time_Started=07/03/2018 04:27:16p.m.
Date_Time_Ended=07/03/2018 04:27:34p.m.
Input_Filename=c:\AscSW26\lectsimp.see
Output_Filename=c:\AscSW26\response.txt

[RESULT_FORMAT]
Plate_Type=96
Number_of_Plate_Data=2
Number_Columns=12
Number_Rows=8
Column_Dimension=1
Row_Dimension=1

[DATA01]
ROW1=	0.073	0	0.17	8	0.896	17	1.298	25	0.071	35	0.157	42	0.702	52	1.227	55	0.057	66	0.078	74	0.342	83	0.906	91
ROW2=	0.056	0	0.08	8	0.639	17	1.141	25	0.054	35	0.074	42	0.214	52	1.006	55	0.099	66	0.087	74	0.367	83	0.72	91
ROW3=	0.059	0	0.132	8	0.731	17	1.144	25	0.055	35	0.059	42	0.203	52	1.051	55	0.055	66	0.063	74	0.3	83	0.189	91
ROW4=	0.054	0	0.067	8	0.271	17	0.964	25	0.052	35	0.059	42	0.151	52	0.911	55	0.066	66	0.086	74	0.434	83	0.932	91
ROW5=	0.077	0	0.214	8	0.954	17	1.234	25	0.06	35	0.11	42	0.703	52	1.229	55	0.053	66	0.064	74	0.146	83	0.631	91
ROW6=	0.058	0	0.065	8	0.351	17	1.03	25	0.052	35	0.074	42	0.579	52	1.197	55	0.054	66	0.073	74	0.573	83	1.018	91
ROW7=	0.073	0	0.18	8	0.885	17	1.179	25	0.067	35	0.136	42	0.824	52	1.161	55	0.049	66	0.053	74	0.186	83	0.784	91
ROW8=	0.07	0	0.152	8	1.017	17	1.243	25	1.23	35	1.331	42	1.233	52	0.083	55	0.1	66	0.139	74	0.23	83	0.268	91
[DATA02]
ROW1=	0.039	900	0.035	910	0.04	917	0.035	927	0.039	935	0.041	944	0.038	952	0.052	957	0.04	966	0.043	975	0.037	983	0.039	991
ROW2=	0.045	900	0.037	910	0.049	917	0.046	927	0.043	935	0.046	944	0.042	952	0.063	957	0.059	966	0.051	975	0.049	983	0.048	991
ROW3=	0.038	900	0.036	910	0.041	917	0.039	927	0.037	935	0.041	944	0.04	952	0.052	957	0.047	966	0.045	975	0.044	983	0.05	991
ROW4=	0.04	900	0.037	910	0.043	917	0.041	927	0.039	935	0.044	944	0.038	952	0.062	957	0.053	966	0.05	975	0.051	983	0.047	991
ROW5=	0.052	900	0.05	910	0.053	917	0.048	927	0.047	935	0.048	944	0.047	952	0.063	957	0.057	966	0.051	975	0.054	983	0.057	991
ROW6=	0.042	900	0.04	910	0.043	917	0.04	927	0.04	935	0.043	944	0.04	952	0.05	957	0.048	966	0.044	975	0.045	983	0.045	991
ROW7=	0.037	900	0.038	910	0.04	917	0.037	927	0.045	935	0.039	944	0.038	952	0.037	957	0.038	966	0.039	975	0.039	983	0.04	991
ROW8=	0.04	900	0.042	910	0.038	917	0.041	927	0.043	935	0.041	944	0.042	952	0.039	957	0.04	966	0.041	975	0.041	983	0.045	991

